2.422407 2.779902 3.497635 3.597053 3.258335
2.772069 2.434468 2.487298 2.662554 2.695544
2.669898 2.750464 2.65213 2.469778 2.632564
2.775932 2.85051 2.9428 2.804723 2.648554
2.737076 2.86855 2.961349 2.950546 2.886201
2.933249 2.946222 2.863675 2.833042 2.891035
2.914259 2.840296 2.814076 2.832268 2.749362
2.665022 2.696216 2.718177 2.693133 2.674938
2.66705 2.678067 2.699048 2.71801 2.736547
2.771892 2.810596 2.812183 2.792216 2.795398
2.806624 2.79824 2.788397 2.787675 2.789346
2.785995 2.77088 2.741971 2.690182 2.624727
2.572433 2.525094 2.483901 2.457051 2.435817
2.438928 2.474842 2.52612 2.577888 2.623275
2.676965 2.734256 2.774528 2.816914 2.855124
2.868667 2.887728 2.91242 2.923262 2.934727
2.939478 2.926651 2.910103 2.898327 2.888295
2.879084 2.863178 2.841704 2.826787 2.809581
2.795403 2.796031 2.786437 2.754914 2.719032
2.68581 2.665167 2.656822 2.65544 2.670436
2.704697 2.734043 2.741724 2.74579 2.752601
2.757098 2.763256 2.777355 2.801649 2.822011
2.830735 2.844563 2.867452 2.885544 2.900298
2.924896 2.952442 2.967852 2.981032 3.000097
3.015348 3.028544 3.050136 3.071687 3.083504
3.094741 3.110238 3.125671 3.137785 3.1407
3.141556 3.158211 3.177679 3.183139 3.194113
3.216092 3.232162 3.241807 3.243717 3.232052
3.222199 3.225283 3.229564 3.241896 3.266655
3.283847 3.290405 3.298636 3.311873 3.319275
3.319661 3.323456 3.325858 3.327217 3.338088
3.351823 3.363447 3.380129 3.399984 3.40994
3.407895 3.403335 3.407512 3.41375 3.401969
3.399829 3.432092 3.445378 3.447907 3.4519
3.44895 3.436661 3.420555 3.400668 3.383518
3.374107 3.362171 3.346207 3.329016 3.307918
3.289154 3.281075 3.284485 3.291138 3.300666
3.318593 3.32934 3.329628 3.333085 3.331635
3.315526 3.290405 3.263527 3.233248 3.198131
3.163346 3.126647 3.085781 3.042458 2.987636
2.916856 2.842638 2.770109 2.698979 2.636428
2.58689 2.551963 2.532476 2.524665 2.525993
2.535965 2.550802 2.570081 2.593099 2.616219
2.643093 2.675941 2.706509 2.730591 2.752883
2.770457 2.774323 2.766635 2.753831 2.740073
2.724088 2.705402 2.688873 2.666687 2.636103
2.604465 2.570561 2.533992 2.499245 2.472462
2.453706 2.441529 2.435328 2.425807 2.415383
2.412909 2.415628 2.423449 2.437367 2.451526
2.467677 2.49343 2.516825 2.529494 2.541095
2.553662 2.564312 2.573132 2.58018 2.585243
2.589894 2.592318 2.589062 2.578889 2.563871
2.546463 2.527454 2.508492 2.490193 2.472309
2.455103 2.441319 2.430408 2.421605 2.421709
2.430855 2.4396 2.44963 2.470652 2.501059
2.533637 2.572035 2.619807 2.67045 2.71861
2.765341 2.809919 2.849743 2.888089 2.92655
2.967536 3.010611 3.048429 3.08429 3.121013
3.151866 3.175963 3.196463 3.217236 3.240396
3.262243 3.281026 3.298307 3.31602 3.334147
3.349945 3.358799 3.357161 3.352644 3.352376
3.352327 3.352136 3.3549 3.36162 3.372505
3.386111 3.401602 3.41659 3.42886 3.436264
3.437219 3.434204 3.429371 3.421652 3.412095
3.404228 3.397323 3.388024 3.374777 3.357445
3.333302 3.303402 3.270614 3.231742 3.188721
3.146541 3.105332 3.067697 3.033162 2.997141
2.959715 2.919851 2.880405 2.844406 2.8088
2.775217 2.74658 2.723891 2.709134 2.700504
2.693456 2.688761 2.683272 2.670692 2.650915
2.624533 2.594433 2.565743 2.543624 2.530845
2.529339 2.541526 2.564525 2.592955 2.622186
2.649418 2.671352 2.683934 2.689891 2.695329
2.704104 2.715673 2.728855 2.74369 2.756885
2.771262 2.788235 2.804553 2.820675 2.834456
2.846298 2.858058 2.8718 2.885167 2.893961
2.899879 2.905021 2.911294 2.913854 2.910752
2.907281 2.904741 2.905089 2.90889 2.91152
2.915395 2.92086 2.920938 2.917134 2.91274
2.906717 2.898398 2.89183 2.890831 2.894808
2.901752 2.908943 2.914605 2.919028 2.921208
2.917656 2.908692 2.89845 2.888281 2.875164
2.856393 2.835647 2.818134 2.80039 2.779859
2.758334 2.736217 2.715455 2.697301 2.68056
2.66485 2.652647 2.642881 2.633356 2.626343
2.620808 2.615621 2.609895 2.599202 2.587484
2.57792 2.566641 2.555777 2.546899 2.53999
2.535966 2.532824 2.529806 2.527916 2.524623
2.518349 2.513675 2.50979 2.50331 2.49694
2.493189 2.491396 2.487592 2.481808 2.475816
2.467225 2.458237 2.449304 2.4406 2.434984
2.428728 2.422015 2.419034 2.418412 2.417096
2.412733 2.405175 2.395751 2.386252 2.377886
2.369868 2.36205 2.355994 2.351254 2.345627
2.339906 2.335817 2.330908 2.322926 2.314389
2.307389 2.303644 2.304805 2.308817 2.311827
2.31547 2.321358 2.326159 2.328963 2.33071
2.331957 2.331649 2.328568 2.324977 2.323379
2.321703 2.318001 2.313411 2.309263 2.306246
2.301629 2.295105 2.288239 2.281358 2.276706
2.2737 2.270601 2.267719 2.266251 2.265185
2.264064 2.262121 2.257146 2.25263 2.250495
2.248039 2.246069 2.24962 2.258641 2.265874
2.269969 2.272663 2.273128 2.273533 2.274772
2.274518 2.273684 2.273488 2.272092 2.272391
2.27427 2.267446 2.253503 2.236243 2.21084
2.184762 2.164803 2.149741 2.144727 2.154416
2.175966 2.200541 2.226304 2.253547 2.268283
2.267924 2.266008 2.263249 2.255227 2.249399
2.24264 2.237773 2.240844 2.240729 2.23679
2.233814 2.226775 2.213642 2.199501 2.189219
2.170274 2.146009 2.126533 2.105334 2.086913
2.070209 2.044938 2.017228 2.000455 1.982637
1.958808 1.942094 1.929489 1.921658 1.918407
1.911733 1.904734 1.900328 1.906703 1.932396
1.946583 1.943069 1.951964 1.980907 2.013737
2.040142 2.074498 2.121157 2.159692 2.188029
2.212021 2.232915 2.254369 2.270508 2.286703
2.311108 2.343618 2.368683 2.38607 2.417801
2.45837 2.4884 2.50687 2.521304 2.558653
2.621676 2.654015 2.672737 2.698298 2.73091
2.773218 2.806575 2.846523 2.887267 2.906504
2.928189 2.945299 2.951783 2.970439 2.991353
2.98293 2.981212 3.002938 3.005873 2.993204
2.969944 2.939581 2.910482 2.872204 2.832676
2.786459 2.751923 2.73545 2.677611 2.621464
2.574248 2.523247 2.487105 2.443899 2.388618
2.352928 2.320053 2.271777 2.231393 2.197467
2.163342 2.130702 2.098836 2.067489 2.038987
2.014332 1.992548 1.976165 1.963402 1.951502
1.941075 1.933722 1.931785 1.933339 1.93229
1.931621 1.947833 1.972931 1.980777 1.994963
2.028465 2.060942 2.094021 2.134009 2.166255
2.196255 2.247041 2.30705 2.338308 2.358758
2.376659 2.396872 2.434661 2.459325 2.460251
2.500202 2.569054 2.585563 2.60222 2.641773
2.703568 2.781126 2.844371 2.914185 3.014286
3.10438 3.177835 3.275406 3.365581 3.436004
3.513968 3.622196 3.77833 3.885268 3.961828
4.047067 4.106648 4.179165 4.266518 4.332823
4.4337 4.504514 4.535411 4.597458 4.651529
4.693932 4.734781 4.77814 4.841204 4.929389
4.983984 4.997984 5.025731 5.052799 5.072559
5.098777 5.1227 5.183719 5.262345 5.27897
5.313463 5.374034 5.419364 5.463762 5.510939
5.57053 5.649006 5.710097 5.739536 5.785589
5.829759 5.863702 5.916337 5.941741 5.95309
5.981615 6.00877 6.061548 6.118727 6.138151
6.155497 6.185992 6.216556 6.240746 6.269259
6.284676 6.288655 6.321222 6.369503 6.389437
6.40079 6.427309 6.467965 6.503139 6.523626
6.54212 6.562174 6.58885 6.613495 6.628483
6.647817 6.671463 6.690297 6.701292 6.72132
6.744273 6.753864 6.781644 6.80272 6.79679
6.796732 6.803327 6.801833 6.793948 6.813787
6.84214 6.837952 6.829742 6.823523 6.814253
6.805812 6.79909 6.796065 6.794024 6.789438
6.778943 6.772606 6.787267 6.796386 6.780521
6.76673 6.75761 6.749502 6.74423 6.737794
6.734435 6.731347 6.729441 6.738726 6.740723
6.734847 6.736385 6.736119 6.734773 6.737794
6.744234 6.751175 6.761168 6.779368 6.797857
6.811261 6.821026 6.842125 6.875754 6.897045
6.921141 6.952682 6.976446 7.000945 7.026441
7.050973 7.074883 7.098553 7.119413 7.137625
7.168198 7.201979 7.222222 7.241917 7.266385
7.292127 7.315979 7.336369 7.35376 7.368151
7.380712 7.389456 7.397842 7.413228 7.426659
7.43275 7.439517 7.447076 7.454372 7.460685
7.464312 7.465976 7.465453 7.464163 7.463446
7.466112 7.475833 7.481277 7.479569 7.481933
7.485513 7.485405 7.484271 7.482668 7.480181
7.478608 7.478746 7.478828 7.480717 7.486367
7.489123 7.487271 7.485219 7.482507 7.479078
7.477665 7.476724 7.474043 7.471291 7.469128
7.468174 7.470067 7.471668 7.469826 7.467039
7.463898 7.460266 7.45662 7.452033 7.448233
7.446421 7.445948 7.445663 7.446274 7.448774
7.448695 7.446871 7.445687 7.443712 7.442701
7.442996 7.443363 7.444114 7.445668 7.44785
7.449242 7.447586 7.442463 7.437687 7.436733
7.436029 7.434402 7.434494 7.434621 7.433314
7.432065 7.431279 7.428577 7.423767 7.419999
7.417203 7.412274 7.406535 7.40329 7.40268
7.402083 7.399521 7.39577 7.391873 7.388295
7.385399 7.382138 7.376657 7.369793 7.364056
7.360148 7.358103 7.357885 7.357877 7.355457
7.351869 7.349693 7.346141 7.339358 7.331104
7.325814 7.324826 7.324166 7.322803 7.320574
7.317718 7.315319 7.311843 7.30636 7.301777
7.297607 7.291875 7.286929 7.283492 7.281447
7.280217 7.279107 7.277752 7.274441 7.269306
7.262973 7.254558 7.245374 7.238344 7.233642
7.231539 7.229672 7.225686 7.221065 7.214047
7.20634 7.20005 7.193261 7.187569 7.183599
7.178735 7.172488 7.165602 7.158528 7.151734
7.144847 7.138868 7.132831 7.125559 7.118377
7.110433 7.10218 7.094522 7.087747 7.082469
7.075394 7.067201 7.062056 7.056985 7.050781
7.044802 7.037327 7.027747 7.017162 7.008931
7.004521 6.999435 6.989041 6.977474 6.968985
6.95955 6.947578 6.936008 6.92601 6.915107
6.90277 6.892716 6.882578 6.867347 6.851497
6.840715 6.835117 6.8304 6.819433 6.803248
6.790066 6.783648 6.782495 6.779068 6.769014
6.760764 6.759487 6.759771 6.74609 6.728589
6.725766 6.725408 6.725585 6.73654 6.754417
6.725445 6.658773 6.628506 6.630265 6.632549
6.634637 6.63463 6.640343 6.654057 6.664321
6.668704 6.666045 6.659455 6.654564 6.648174
6.637493 6.623048 6.606905 6.590472 6.574845
6.55908 6.541655 6.525872 6.512585 6.499589
6.487098 6.476263 6.469043 6.463838 6.456764
6.446868 6.437147 6.429534 6.421161 6.413517
6.408281 6.402108 6.394798 6.388115 6.380178
6.369479 6.358445 6.348278 6.339021 6.331252
6.32458 6.318814 6.313685 6.307097 6.297918
6.287754 6.277132 6.267526 6.259252 6.24935
6.240052 6.233242 6.224847 6.214348 6.202789
6.189105 6.175275 6.164306 6.155126 6.146894
6.141318 6.135624 6.127495 6.119181 6.110104
6.099348 6.089645 6.081642 6.07413 6.066544
6.05855 6.049971 6.040542 6.029033 6.015158
6.002978 5.992796 5.983939 5.977042 5.970084
5.962845 5.95389 5.943358 5.933221 5.922128
5.912661 5.908598 5.905269 5.899155 5.893131
5.886235 5.877133 5.869378 5.862544 5.8546
5.846999 5.840321 5.834624 5.830512 5.825844
5.818919 5.811165 5.802421 5.792706 5.783997
5.776407 5.771384 5.76855 5.763246 5.754838
5.745223 5.735631 5.726471 5.717643 5.709212
5.702041 5.696595 5.691095 5.684432 5.678511
5.672598 5.665503 5.659387 5.654021 5.648684
5.643663 5.639552 5.635001 5.627629 5.620161
5.615031 5.610502 5.606234 5.602805 5.600325
5.598051 5.594929 5.592057 5.588279 5.582851
5.578922 5.577281 5.575331 5.571241 5.567651
5.565944 5.563394 5.558853 5.553509 5.548054
5.542305 5.5371 5.532035 5.526052 5.522488
5.519888 5.513705 5.508056 5.502753 5.496364
5.493436 5.493207 5.490735 5.486566 5.485365
5.485287 5.482438 5.47866 5.475443 5.470102
5.464486 5.462548 5.459825 5.454018 5.449386
5.44639 5.441678 5.434262 5.427171 5.420643
5.411995 5.404853 5.398326 5.385572 5.369396
5.351805 5.330517 5.309407 5.290975 5.269834
5.245981 5.225714 5.207436 5.191007 5.182943
5.183828 5.191396 5.204038 5.218378 5.232889
5.24789 5.261286 5.269428 5.271784 5.269436
5.265797 5.26259 5.256495 5.248115 5.240008
5.231292 5.220778 5.211226 5.202153 5.189111
5.173678 5.158071 5.140295 5.118904 5.09715
5.077465 5.058176 5.039107 5.020249 5.000593
4.980203 4.958691 4.935163 4.910113 4.884607
4.858412 4.830034 4.797512 4.761047 4.723403
4.683821 4.63753 4.584625 4.528781 4.468888
4.402027 4.329774 4.251537 4.163859 4.071665
3.979845 3.884677 3.78487 3.68413 3.584615
3.48547 3.388037 3.295572 3.208247 3.127268
3.053782 2.989497 2.935826 2.893027 2.863001
2.842994 2.827957 2.81578 2.80698 2.801331
2.799371 2.80633 2.825179 2.85076 2.873824
2.890136 2.900688 2.901934 2.892054 2.875152
2.852019 2.82484 2.796233 2.764021 2.730215
2.698125 2.663735 2.625116 2.586837 2.54859
2.506615 2.463791 2.421152 2.376914 2.33355
2.291551 2.251264 2.218079 2.196162 2.184653
2.18256 2.190479 2.207064 2.22979 2.255667
2.282137 2.30936 2.336042 2.359285 2.375911
2.38237 2.383053 2.383298 2.382438 2.384435
2.390976 2.404211 2.42912 2.464317 2.5108
2.568798 2.635548 2.711813 2.7989 2.893042
2.989856 3.087951 3.181472 3.268285 3.351421
3.430084 3.502815 3.566285 3.617994 3.658915
3.687635 3.705201 3.715033 3.715863 3.708039
3.696489 3.681931 3.66131 3.639161 3.620947
3.603844 3.586044 3.56957 3.5575 3.550466
3.54558 3.54261 3.542815 3.545687 3.549101
3.551108 3.551918 3.55016 3.545435 3.540731
3.537847 3.536763 3.537617 3.540612 3.546223
3.554695 3.568661 3.588991 3.609686 3.632481
3.659795 3.689481 3.724442 3.762956 3.798948
3.831835 3.864363 3.898304 3.936122 3.975088
4.010867 4.046477 4.084003 4.119801 4.151872
4.180909 4.207307 4.233778 4.25991 4.283121
4.304045 4.32244 4.33956 4.356776 4.373529
4.389448 4.40357 4.41732 4.428995 4.437361
4.447888 4.459238 4.466656 4.47153 4.476437
4.481223 4.48515 4.49157 4.496787 4.496135
4.496595 4.499193 4.501148 4.502251 4.503139
4.506423 4.507268 4.503587 4.500859 4.499006
4.495526 4.491828 4.490511 4.491226 4.490931
4.488868 4.485779 4.48186 4.476931 4.471293
4.4697 4.470024 4.467965 4.467286 4.467824
4.469837 4.472046 4.468875 4.463362 4.459322
4.457046 4.456905 4.456998 4.459088 4.463016
4.465825 4.467918 4.467975 4.465281 4.462113
4.461179 4.461941 4.462305 4.463229 4.466716
4.470945 4.471685 4.470993 4.47064 4.468335
4.466372 4.465506 4.464312 4.463295 4.462707
4.465633 4.471374 4.473232 4.47019 4.466155
4.46277 4.460249 4.457485 4.455711 4.455747
4.454572 4.453884 4.453104 4.451004 4.451339
4.448743 4.440318 4.43221 4.425679 4.424067
4.427869 4.429899 4.427136 4.422779 4.420322
4.419142 4.416943 4.414345 4.412711 4.412085
4.412465 4.412723 4.412965 4.41151 4.406903
4.402776 4.398347 4.392631 4.391441 4.395805
4.399807 4.400627 4.398641 4.39484 4.390775
4.385412 4.381905 4.384168 4.387352 4.385901
4.382191 4.379641 4.377367 4.376655 4.377044
4.374076 4.369574 4.369938 4.370305 4.36812
4.369784 4.372169 4.371994 4.370718 4.367712
4.364288 4.359475 4.35442 4.354187 4.353422
4.347864 4.344763 4.346945 4.34601 4.337679
4.328979 4.32392 4.318873 4.313686 4.310212
4.306633 4.301732 4.293051 4.281706 4.273939
4.270947 4.266816 4.261691 4.260929 4.264709
4.27397 4.286816 4.297072 4.304074 4.312206
4.32184 4.329686 4.336642 4.345418 4.355865
4.36817 4.381093 4.393749 4.40709 4.422732
4.440213 4.453058 4.462449 4.474373 4.484926
4.493701 4.506745 4.523555 4.538054 4.550339
4.563189 4.572283 4.579583 4.590564 4.605637
4.623639 4.644419 4.672555 4.706288 4.738341
4.770337 4.805544 4.835955 4.85867 4.882124
4.904269 4.918521 4.926977 4.934895 4.941897
4.939624 4.931932 4.930904 4.926371 4.913346
4.903422 4.895715 4.886488 4.875878 4.868777
4.864132 4.85676 4.849953 4.839958 4.825802
4.81718 4.816186 4.813685 4.808717 4.809263
4.819671 4.839097 4.8514 4.853578 4.867872
4.891832 4.910625 4.929371 4.954212 4.982017
5.007162 5.043629 5.102505 5.146276 5.15961
5.178141 5.207817 5.236119 5.26014 5.282551
5.297624 5.311274 5.346525 5.387036 5.388115
5.375233 5.388118 5.401129 5.400808 5.405787
5.407995 5.393003 5.384223 5.399804 5.406056
5.388504 5.375379 5.35687 5.340874 5.343618
5.328305 5.308422 5.338645 5.433553 5.569888
5.65806 5.680796 5.717466 5.756258 5.780969
5.795206 5.79304 5.777648 5.774637 5.803318
5.834323 5.812262 5.774616 5.807108 5.860668
5.879322 5.900045 5.92434 5.936127 5.957321
6.013322 6.061318 6.079553 6.145957 6.205106
6.192271 6.171907 6.142454 6.098211 6.076051
6.094034 6.111997 6.100673 6.103184 6.153608
6.23812 6.342887 6.460218 6.546254 6.595877
6.65429 6.735215 6.820015 6.863378 6.864493
6.881121 6.914077 6.941549 6.963713 6.983811
6.991469 6.971042 6.965579 6.995785 7.040972
7.069883 7.032279 6.975346 6.985399 7.046563
7.0358 6.994729 7.041311 7.082519 7.050618
7.014942 7.024943 7.041804 7.022621 7.008041
7.020917 7.026599 7.035018 7.035323 7.007521
6.994773 7.005856 7.024124 7.021818 7.002392
7.001223 7.001348 6.993512 6.98964 6.979847
6.974387 6.975477 6.958568 6.967705 6.990023
6.957832 6.954748 6.973822 6.940873 6.905445
6.911159 6.944733 6.94171 6.931057 6.961613
6.94576 6.916345 6.918792 6.909112 6.903076
6.8992 6.893151 6.91478 6.938378 6.930286
6.918712 6.906551 6.873968 6.840628 6.840063
6.900721 6.963151 6.919794 6.855333 6.845438
6.855009 6.862991 6.847149 6.83192 6.858087
6.864733 6.850615 6.843294 6.821744 6.830942
6.843457 6.826081 6.834222 6.834575 6.814249
6.833465 6.842963 6.805612 6.787468 6.806534
6.827982 6.841986 6.85185 6.836458 6.811126
6.801414 6.792416 6.783611 6.792946 6.807137
6.802247 6.790901 6.795894 6.798907 6.781902
6.775729 6.791455 6.799282 6.789369 6.779105
6.773169 6.777298 6.789037 6.785636 6.780533
6.788841 6.789263 6.780446 6.775791 6.775953
6.778216 6.781199 6.784426 6.782077 6.777439
6.777895 6.777546 6.773233 6.76959 6.768271
6.76832 6.771542 6.776694 6.776976 6.770245
6.766075 6.766196 6.762338 6.760867 6.763695
6.760529 6.754378 6.753904 6.758047 6.760346
6.759501 6.759955 6.760109 6.757101 6.753856
6.754143 6.755413 6.755927 6.755433 6.750534
6.747663 6.744976 6.739688 6.740556 6.744404
6.745584 6.740911 6.732212 6.726699 6.724555
6.723661 6.719206 6.71197 6.70539 6.698687
6.69225 6.68507 6.682242 6.681719 6.676696
6.674182 6.67432 6.668533 6.660694 6.658017
6.662153 6.670365 6.678927 6.687277 6.69492
6.702307 6.708314 6.711956 6.711853 6.711706
6.716842 6.720933 6.71805 6.71395 6.711893
6.71314 6.719972 6.72332 6.71767 6.70894
6.704353 6.699168 6.695167 6.69872 6.700571
6.70145 6.706235 6.706758 6.69954 6.692623
6.686789 6.68222 6.67933 6.675583 6.674295
6.673783 6.671731 6.667145 6.658073 6.648498
6.640481 6.634781 6.632824 6.631006 6.63151
6.635215 6.635646 6.63013 6.620379 6.615112
6.612215 6.606699 6.60802 6.610658 6.6054
6.603207 6.606508 6.60716 6.607637 6.60636
6.601245 6.595837 6.592912 6.591379 6.588428
6.58947 6.588559 6.581017 6.574677 6.570202
6.564615 6.553447 6.540756 6.534344 6.532297
6.531463 6.529567 6.52748 6.521982 6.508101
6.493992 6.485083 6.477867 6.469892 6.461804
6.452025 6.442153 6.436253 6.4346 6.436339
6.43235 6.421889 6.412969 6.405498 6.401682
6.402236 6.402115 6.39821 6.395221 6.39913
6.403939 6.400942 6.392433 6.386001 6.379505
6.370758 6.361992 6.356157 6.357425 6.359502
6.357013 6.353899 6.354112 6.351102 6.343393
6.338809 6.33475 6.331027 6.328087 6.322363
6.315308 6.30959 6.305259 6.300904 6.293801
6.288961 6.286308 6.278658 6.27402 6.274454
6.275252 6.275506 6.275901 6.281704 6.286015
6.286488 6.289279 6.290576 6.292939 6.30117
6.310816 6.316528 6.32299 6.331927 6.337976
6.345398 6.353429 6.353084 6.35032 6.352675
6.358547 6.365957 6.369015 6.37163 6.379019
6.382885 6.38195 6.380849 6.378526 6.377075
6.374682 6.370728 6.377449 6.391417 6.395582
6.391458 6.389647 6.389917 6.39191 6.398304
6.406698 6.419088 6.434106 6.445568 6.451643
6.453063 6.455399 6.459739 6.464892 6.468917
6.470364 6.474473 6.485424 6.498484 6.512047
6.523126 6.522355 6.52336 6.526717 6.518648
6.514841 6.525742 6.536923 6.540314 6.546246
6.555014 6.559654 6.559756 6.557516 6.554703
6.551496 6.549184 6.5471 6.54672 6.552022
6.560732 6.563684 6.560665 6.557476 6.559092
6.558382 6.549755 6.543687 6.538252 6.532912
6.534314 6.546287 6.561801 6.564992 6.556748
6.545915 6.533841 6.52077 6.513276 6.514867
6.521811 6.527256 6.529668 6.529839 6.525701
6.526067 6.529755 6.527379 6.52119 6.510202
6.502737 6.507168 6.511539 6.510651 6.509356
6.508624 6.509616 6.50811 6.501084 6.496211
6.494682 6.495309 6.497778 6.497701 6.496382
6.494399 6.491675 6.48968 6.486442 6.483561
6.484188 6.479914 6.474 6.478479 6.479154
6.474965 6.475933 6.470477 6.457829 6.448609
6.442027 6.439403 6.438837 6.432044 6.430577
6.432083 6.432741 6.43831 6.432996 6.418427
6.407692 6.40525 6.404486 6.397948 6.397403
6.403499 6.403599 6.390734 6.377302 6.377778
6.381479 6.382778 6.37943 6.370149 6.363691
6.366916 6.378543 6.386076 6.387484 6.390608
6.395291 6.393752 6.379641 6.36622 6.367192
6.371503 6.371868 6.374884 6.379243 6.384288
6.386474 6.376334 6.367728 6.371878 6.377611
6.378841 6.376054 6.377102 6.384846 6.386247
6.379977 6.378355 6.385733 6.385964 6.37438
6.369781 6.372085 6.372961 6.371942 6.375453
6.388849 6.391884 6.378724 6.374167 6.376432
6.374528 6.371408 6.366915 6.363883 6.36465
6.365855 6.3699 6.380587 6.386387 6.380822
6.369013 6.350729 6.34163 6.354039 6.368471
6.367677 6.361543 6.361224 6.357125 6.348534
6.340932 6.333799 6.331801 6.335891 6.34548
6.35107 6.347472 6.3484 6.35551 6.362404
6.362305 6.348275 6.333938 6.332031 6.335117
6.336896 6.333479 6.323954 6.317237 6.31497
6.309703 6.304242 6.299705 6.297451 6.301784
6.308737 6.314215 6.312536 6.31075 6.319721
6.327026 6.311894 6.295344 6.294198 6.290535
6.288693 6.287707 6.282144 6.281668 6.285464
6.276349 6.263429 6.267765 6.281897 6.292336
6.288499 6.271594 6.257819 6.259715 6.256919
6.246286 6.245416 6.250427 6.259422 6.264921
6.267166 6.263982 6.249233 6.242705 6.248247
6.240875 6.228856 6.224902 6.211118 6.199575
6.207135 6.22051 6.238451 6.248099 6.237307
6.223295 6.213377 6.216081 6.225937 6.222723
6.213445 6.212596 6.210213 6.19855 6.191139
6.19713 6.202386 6.197397 6.186093 6.175241
6.178537 6.185767 6.181188 6.168181 6.153723
6.138162 6.135624 6.15039 6.150452 6.133996
6.127567 6.140152 6.151004 6.138631 6.125492
6.125236 6.123183 6.123177 6.125392 6.123844
6.12943 6.145122 6.150246 6.140271 6.142488
6.138787 6.120443 6.116301 6.111308 6.099691
6.099808 6.101971 6.091486 6.092366 6.103916
6.093803 6.075795 6.074622 6.086062 6.092039
6.08651 6.084253 6.079985 6.077076 6.093869
6.093446 6.062357 6.059497 6.068301 6.051055
6.051511 6.072733 6.079069 6.065844 6.058735
6.055339 6.029209 6.018959 6.036807 6.0427
6.041181 6.041661 6.035018 6.008538 5.983332
5.979997 5.968471 5.950804 5.951867 5.964426
5.96229 5.957822 5.981698 6.006975 6.011532
6.009282 6.006766 5.997436 5.973715 5.953988
5.947083 5.942094 5.952797 5.966513 5.955335
5.949115 5.974341 5.997563 5.986441 5.952949
5.950282 5.967957 5.935484 5.8941 5.897627
5.909602 5.914307 5.918224 5.915789 5.919237
5.927819 5.915779 5.902699 5.920372 5.941143
5.926643 5.915392 5.929701 5.925159 5.899191
5.875854 5.889258 5.904618 5.877189 5.881417
5.923988 5.922701 5.914447 5.945191 5.953961
5.896739 5.831404 5.823733 5.842715 5.870869
5.903692 5.920488 5.890798 5.819638 5.805779
5.847914 5.848528 5.836449 5.85525 5.872417
5.86012 5.823238 5.799312 5.77114 5.745805
5.744824 5.72111 5.691784 5.728912 5.78655
5.804404 5.835347 5.866999 5.856576 5.824108
5.802223 5.816119 5.818688 5.801869 5.805275
5.775294 5.737094 5.748616 5.745563 5.735733
5.773657 5.774902 5.716919 5.682072 5.699925
5.74824 5.74656 5.686801 5.626292 5.586629
5.593278 5.636778 5.682504 5.700278 5.696005
5.716227 5.744643 5.739624 5.730154 5.738977
5.736851 5.729423 5.726811 5.681059 5.61428
5.5884 5.619929 5.650134 5.6264 5.610034
5.633261 5.626064 5.584801 5.590205 5.625913
5.62205 5.58429 5.596147 5.68036 5.748666
5.761148 5.700095 5.62275 5.620947 5.646974
5.651607 5.667081 5.685387 5.667129 5.646348
5.651388 5.644831 5.654757 5.664381 5.624857
5.599577 5.566668 5.514914 5.567372 5.712216
5.755663 5.68704 5.682688 5.734698 5.721604
5.634495 5.573436 5.583789 5.621739 5.68335
5.726912 5.655103 5.585025 5.642622 5.652679
5.615659 5.651174 5.700727 5.746381 5.7617
5.741801 5.68544 5.694428 5.793291 5.810851
5.743115 5.731232 5.827235 5.849852 5.748471
5.711397 5.739684 5.776011 5.797352 5.785206
5.792589 5.774231 5.706785 5.697697 5.730424
5.723417 5.67368 5.648902 5.728271 5.826831
5.822069 5.781488 5.78755 5.774903 5.73894
5.741911 5.767335 5.803149 5.87785 5.913437
5.788698 5.736825 5.839432 5.897361 5.934041
5.90364 5.832995 5.857593 5.883391 5.865451
5.866028 5.863079 5.902508 5.979191 6.004402
5.999325 5.998046 5.922456 5.830328 5.853073
5.9018 5.903046 5.855692 5.856274 5.932047
5.973258 5.977504 5.985463 5.962535 5.909024
5.863742 5.798836 5.785991 5.903737 6.037078
6.032322 5.963565 5.941745 5.922497 5.939895
6.000681 5.982653 5.902934 5.887759 5.939928
5.98463 5.943511 5.811307 5.748922 5.793631
5.811986 5.729967 5.706685 5.863741 5.945356
5.926733 5.93029 5.862252 5.813684 5.879874
5.958109 5.992583 5.891954 5.727395 5.716843
5.759945 5.774848 5.800258 5.823333 5.879179
5.928201 5.882647 5.762431 5.689215 5.689608
5.708257 5.722538 5.726104 5.741412 5.787761
5.836168 5.837516 5.800119 5.74557 5.732888
5.752447 5.713553 5.702047 5.762088 5.791499
5.785283 5.78204 5.793014 5.798793 5.759464
5.728733 5.75163 5.795717 5.823874 5.794091
5.699084 5.598867 5.624341 5.80669 5.931036
5.873811 5.774988 5.727457 5.717621 5.735376
5.763077 5.750669 5.700317 5.677806 5.672383
5.665533 5.646483 5.58069 5.506493 5.483963
5.547207 5.649279 5.642894 5.553724 5.559085
5.680493 5.772357 5.723257 5.606312 5.535044
5.530733 5.565548 5.627082 5.656989 5.606631
5.564465 5.571405 5.56993 5.514717 5.429702
5.412361 5.460539 5.47515 5.465791 5.515264
5.579437 5.551263 5.499161 5.521638 5.552869
5.513198 5.46609 5.467854 5.44053 5.419669
5.445094 5.449311 5.456839 5.478063 5.497689
5.492233 5.452194 5.443638 5.462088 5.460421
5.441491 5.446256 5.466953 5.470949 5.491833
5.481084 5.408286 5.382371 5.409885 5.43205
5.45147 5.476463 5.503237 5.513457 5.504399
5.487284 5.464988 5.461175 5.472556 5.455577
5.441255 5.4375 5.415288 5.412434 5.41343
5.416167 5.435211 5.424099 5.399661 5.37972
5.324203 5.298778 5.357598 5.396034 5.384249
5.373094 5.346104 5.321706 5.332835 5.339662
5.36398 5.414146 5.440885 5.425288 5.367968
5.36009 5.401141 5.377323 5.333243 5.320472
5.289327 5.279708 5.34279 5.410236 5.419331
5.363187 5.289172 5.279139 5.316942 5.320465
5.274312 5.220318 5.175986 5.141706 5.153915
5.19234 5.220435 5.24395 5.262789 5.278941
5.277559 5.264057 5.263238 5.276979 5.278634
5.246078 5.200266 5.186213 5.204407 5.208396
5.201108 5.206179 5.223725 5.251342 5.27011
5.259817 5.236343 5.226062 5.229165 5.212096
5.165343 5.134979 5.135586 5.165876 5.213889
5.216738 5.191517 5.17141 5.156077 5.189189
5.214896 5.217148 5.230457 5.208494 5.1892
5.219997 5.243626 5.200783 5.169982 5.210548
5.211055 5.174091 5.170659 5.15231 5.130489
5.158663 5.188359 5.160274 5.108443 5.101851
5.163299 5.228777 5.220216 5.186083 5.188624
5.188873 5.178846 5.178259 5.179124 5.185072
5.183291 5.183424 5.201128 5.209607 5.1999
5.200184 5.199331 5.1733 5.171303 5.192114
5.164108 5.133811 5.147799 5.144496 5.133792
5.131568 5.115326 5.11433 5.128734 5.127058
5.121651 5.123296 5.113849 5.096168 5.094451
5.122546 5.148924 5.158353 5.150839 5.118916
5.10979 5.143024 5.15701 5.15011 5.149181
5.117739 5.082932 5.054271 5.048201 5.08582
5.081255 5.076738 5.121694 5.146198 5.15347
5.148119 5.111888 5.077352 5.078273 5.082152
5.065275 5.066521 5.057584 5.037273 5.049445
5.032894 4.984871 5.001821 5.073518 5.108796
5.081967 5.050695 5.042503 5.026119 5.023633
5.046365 5.03372 4.987456 4.979343 5.014534
5.031171 5.023664 5.012494 5.000396 4.997364
4.997798 5.000308 5.006855 5.006431 4.999944
5.005014 5.035583 5.078487 5.094197 5.078731
5.054047 5.007917 4.962162 4.960637 4.977091
4.998086 5.029847 5.03538 5.028256 5.023971
4.995714 4.9631 4.948879 4.954063 4.982627
5.013549 5.022697 5.02796 5.028992 4.997796
4.94737 4.936739 4.965478 4.964585 4.950907
4.942903 4.91653 4.920579 4.938651 4.923343
4.91761 4.942485 4.971796 4.966682 4.932126
4.904993 4.885553 4.879471 4.892354 4.906729
4.909423 4.892254 4.86785 4.850705 4.856719
4.909786 4.931428 4.903093 4.908714 4.92209
4.930237 4.922521 4.90059 4.922242 4.93022
4.883229 4.850219 4.837392 4.844235 4.889956
4.921148 4.900109 4.858479 4.842113 4.842347
4.840466 4.829318 4.814807 4.801721 4.803021
4.850311 4.873192 4.851788 4.841208 4.820595
4.782599 4.77176 4.79906 4.815159 4.83478
4.858507 4.848243 4.837639 4.846202 4.853507
4.853071 4.867159 4.863984 4.812678 4.803959
4.828024 4.831973 4.845449 4.843354 4.828542
4.826969 4.829892 4.807832 4.78929 4.79687
4.801899 4.831666 4.84785 4.82609 4.812374
4.806066 4.806288 4.837305 4.878819 4.866588
4.80819 4.764749 4.741585 4.72963 4.730616
4.714213 4.699929 4.707977 4.739872 4.775531
4.757948 4.725974 4.728423 4.740788 4.734704
4.713428 4.68137 4.632556 4.599351 4.599909
4.654809 4.74072 4.779712 4.773271 4.729854
4.6839 4.669485 4.665552 4.681387 4.69642
4.691275 4.712531 4.748548 4.740029 4.707276
4.685274 4.669593 4.672225 4.690625 4.709631
4.721501 4.698027 4.67631 4.698804 4.72294
4.733184 4.716458 4.664108 4.608641 4.594081
4.611461 4.643032 4.681267 4.700405 4.687563
4.614646 4.593743 4.64942 4.656846 4.650039
4.659517 4.673513 4.672229 4.667414 4.705496
4.744173 4.741339 4.698576 4.654717 4.648897
4.65955 4.641776 4.608334 4.602433 4.605904
4.59893 4.61857 4.634339 4.600857 4.588603
4.587027 4.556879 4.553758 4.588591 4.613152
4.620661 4.614857 4.589355 4.571959 4.560661
4.566335 4.609625 4.633439 4.623957 4.612634
4.596154 4.586106 4.574996 4.539719 4.501015
4.497932 4.512756 4.520767 4.527889 4.548057
4.561416 4.556587 4.569334 4.581572 4.553369
4.486346 4.451488 4.489441 4.510387 4.520993
4.557059 4.575654 4.583995 4.576085 4.565704
4.553407 4.521112 4.514208 4.521905 4.527611
4.513916 4.474048 4.487257 4.552144 4.55452
4.51404 4.527745 4.526189 4.505232 4.478177
4.405867 4.407803 4.464405 4.467235 4.467575
4.490675 4.507228 4.473468 4.441255 4.437754
4.413866 4.408269 4.43557 4.475192 4.484026
4.447895 4.413754 4.435598 4.480914 4.459071
4.379431 4.32449 4.362787 4.40924 4.387581
4.391167 4.411368 4.43217 4.471879 4.449205
4.400455 4.373874 4.374881 4.433953 4.456338
4.377698 4.330516 4.387056 4.423263 4.39346
4.380954 4.370833 4.350374 4.349822 4.322207
4.283762 4.256553 4.218846 4.219969 4.274491
4.313838 4.344794 4.368047 4.368759 4.383201
4.357855 4.329077 4.348746 4.348097 4.342705
4.322779 4.281595 4.28926 4.341175 4.396082
4.394638 4.354813 4.362498 4.358279 4.332867
4.320288 4.283633 4.260226 4.280066 4.310006
4.339378 4.36991 4.346493 4.313153 4.333185
4.373171 4.41731 4.413015 4.367209 4.356996
4.326986 4.266542 4.275734 4.304258 4.300797
4.340682 4.367343 4.314459 4.273839 4.269985
4.281746 4.31077 4.295054 4.22124 4.178745
4.185705 4.249461 4.305102 4.28123 4.221872
4.176644 4.20882 4.274232 4.26468 4.21349
4.177163 4.12728 4.082558 4.101662 4.177436
4.236267 4.267838 4.291503 4.284617 4.228016
4.130288 4.094301 4.152066 4.158782 4.076929
4.037878 4.068987 4.15038 4.233815 4.243751
4.234645 4.178696 4.06927 4.047293 4.097645
4.168556 4.236619 4.288662 4.367327 4.45569
4.460946 4.367253 4.315301 4.322241 4.278827
4.232081 4.220375 4.194514 4.170275 4.148573
4.135582 4.150261 4.181441 4.204177 4.187072
4.141459 4.105906 4.101702 4.138652 4.192369
4.190947 4.171001 4.209953 4.24012 4.205154
4.133624 4.117361 4.175335 4.203257 4.177362
4.17737 4.198334 4.137815 4.040057 4.014584
4.060318 4.09215 4.071335 4.09397 4.180583
4.238748 4.23807 4.223206 4.231117 4.187184
4.096767 4.057239 4.085779 4.144028 4.182008
4.201629 4.191433 4.134338 4.071281 4.034569
4.048587 4.105354 4.153786 4.186373 4.188962
4.127473 4.068275 4.080699 4.105351 4.067897
4.041448 4.05125 4.045337 4.059322 4.115987
4.134102 4.062558 4.02968 4.067032 4.087886
4.060399 4.017092 4.021659 4.061193 4.066779
4.087405 4.159431 4.1319 4.084771 4.124599
4.172684 4.237196 4.235822 4.114608 4.089397
4.149315 4.069152 3.998331 4.078535 4.188048
4.236681 4.17405 4.104972 4.190818 4.26624
4.253645 4.251922 4.176476 4.079294 4.029972
3.984242 4.021516 4.151013 4.182517 4.112118
4.116833 4.145784 4.055995 3.9822 4.075476
4.162882 4.117306 4.100881 4.18036 4.193832
4.152206 4.096301 3.984907 3.916008 3.967548
4.081692 4.121793 4.097943 4.171139 4.255876
4.220627 4.189781 4.210408 4.169014 4.077122
4.02277 3.998916 3.998286 3.999195 4.002432
4.057413 4.118904 4.110658 4.106896 4.16481
4.19198 4.106247 4.015054 4.056318 4.102682
4.069842 4.056635 4.059198 4.085682 4.105296
4.105257 4.092566 4.039008 3.957198 3.931724
4.027478 4.122548 4.149703 4.127352 4.091821
4.032978 4.00159 4.075709 4.125578 4.152119
4.167089 4.131159 4.114798 4.017531 3.818451
3.745115 3.799787 3.804392 3.826532 3.951238
4.032072 3.97747 3.852672 3.770084 3.820955
3.97285 4.054509 3.976522 3.915914 3.954155
4.013372 4.059679 4.047536 4.049101 4.018582
3.923233 3.901354 3.927175 3.950426 3.935531
3.916994 3.874122 3.890146 4.095227 4.230198
4.09884 3.951441 3.922433 3.948523 3.99181
3.951849 3.849876 3.811857 3.913841 4.048017
4.081238 4.113142 4.182065 4.163715 4.064491
3.919409 3.849439 3.96219 4.023001 3.968775
3.975521 3.977798 3.924946 3.960064 4.080544
4.155926 4.180496 4.121991 3.955362 3.920853
4.006457 3.935538 3.760643 3.71114 3.73873
3.683954 3.625181 3.630075 3.717637 3.842541
3.85786 3.875702 3.995958 4.033495 3.930364
3.884772 3.968964 4.039705 4.052358 4.019858
3.975493 3.961706 3.969969 3.937546 3.932072
4.061378 4.155134 4.073911 3.903244 3.745974
3.698894 3.732016 3.729619 3.808783 3.984738
4.11655 4.153381 4.090509 4.031964 4.004639
3.930102 3.861712 3.859345 3.871844 3.819206
3.787103 3.866517 3.930516 3.955616 4.026365
4.037069 4.009902 4.060437 4.084071 4.070583
4.114562 4.161969 4.051677 3.968924 4.083511
4.052643 3.935585 4.009681 4.08203 4.014653
3.937613 3.878427 3.836315 3.90202 3.683386
2.791833 2.059321 2.027547 2.573289 2.986184
3.206574 3.357543 3.296614 3.093098 3.063805
3.11114 3.065053 3.05356 3.080953 3.025926
3.104997 3.320281 3.302302 3.143064 3.143015
3.131303 3.0552 3.04876 3.114471 3.150741
3.103599 3.113171 3.147671 3.082196 2.980286
2.945515 2.954876 2.955399 2.945448 2.942643
2.925732 2.867789 2.816644 2.789572 2.767538
2.757552 2.776246 2.79371 2.780938 2.792021
2.851895 2.898208 2.91831 2.924538 2.926472
2.924013 2.9209 2.91516 2.88447 2.861209
2.859216 2.817501 2.748284 2.702557 2.65824
2.590778 2.525747 2.491487 2.489936 2.50632
2.527814 2.567259 2.618125 2.671296 2.737439
2.805791 2.8586 2.897533 2.936895 2.962116
2.97262 2.991969 2.998519 2.991473 3.01006
3.043646 3.051321 3.021964 2.988329 2.970714
2.954871 2.938354 2.930262 2.917371 2.893527
2.871177 2.839594 2.804597 2.780971 2.765001
2.754197 2.746494 2.741827 2.740132 2.750143
2.772218 2.795821 2.811169 2.818003 2.82876
2.837894 2.846572 2.8639 2.882063 2.905746
2.940832 2.979771 3.007628 3.025023 3.04786
3.067874 3.082277 3.097012 3.109526 3.118951
3.130664 3.157129 3.193319 3.221373 3.236591
3.250091 3.264683 3.270978 3.275163 3.288312
3.300292 3.307271 3.321755 3.337043 3.353012
3.375304 3.389901 3.393362 3.388452 3.379574
3.377988 3.386051 3.401608 3.416284 3.425635
3.437003 3.448159 3.453287 3.454631 3.454624
3.456947 3.463101 3.47129 3.487335 3.508332
3.520512 3.525926 3.535849 3.547017 3.555459
3.559486 3.559264 3.559521 3.558168 3.576869
3.59908 3.587572 3.582258 3.582938 3.578563
3.571623 3.556831 3.53599 3.519547 3.505897
3.488577 3.46965 3.448265 3.423781 3.405195
3.391687 3.382502 3.389714 3.405463 3.41473
3.421189 3.4285 3.430992 3.427326 3.416828
3.393228 3.356292 3.317257 3.28312 3.246784
3.206417 3.163244 3.109001 3.039228 2.957225
2.872601 2.794637 2.719141 2.646034 2.586449
2.545999 2.524202 2.517353 2.520319 2.5294
2.545402 2.570456 2.597339 2.62259 2.652062
2.688012 2.725139 2.753348 2.772922 2.78455
2.786569 2.783201 2.772608 2.756455 2.737904
2.715142 2.68498 2.650742 2.621704 2.594008
2.558525 2.51947 2.485264 2.45795 2.43999
2.428082 2.416162 2.407158 2.400437 2.396235
2.399023 2.404576 2.414183 2.433751 2.459267
2.48478 2.507472 2.528267 2.544935 2.556787
2.569711 2.582139 2.59161 2.602482 2.61046
2.608051 2.599943 2.591702 2.578258 2.555635
2.531167 2.508997 2.488181 2.468543 2.4517
2.440813 2.433022 2.428519 2.426421 2.424729
2.428456 2.440188 2.46295 2.493802 2.529444
2.575747 2.630927 2.68641 2.740804 2.793403
2.840507 2.88575 2.931663 2.977327 3.023769
3.069547 3.113748 3.15362 3.18531 3.214056
3.24298 3.270086 3.296052 3.319478 3.340185
3.359452 3.376508 3.392832 3.410117 3.424504
3.433481 3.435543 3.430877 3.427489 3.426451
3.423437 3.424927 3.433998 3.447357 3.462092
3.478673 3.498019 3.512926 3.520535 3.52158
3.516039 3.506008 3.49602 3.486552 3.474942
3.462268 3.448765 3.434189 3.415068 3.388242
3.354735 3.313486 3.268706 3.225689 3.180037
3.133455 3.088643 3.042969 2.999662 2.959134
2.915818 2.868648 2.823697 2.78429 2.74844
2.717184 2.695726 2.683527 2.675163 2.668388
2.660654 2.648859 2.632131 2.609152 2.579361
2.545986 2.514229 2.487032 2.470238 2.471953
2.489251 2.515638 2.547966 2.579072 2.603056
2.623725 2.642106 2.651841 2.658695 2.669744
2.680283 2.689196 2.701697 2.718388 2.734654
2.750648 2.770068 2.790576 2.805372 2.815711
2.825701 2.834578 2.844004 2.85506 2.865963
2.875643 2.88212 2.882759 2.877648 2.872981
2.872827 2.875501 2.881749 2.888293 2.890236
2.890223 2.890572 2.888777 2.88191 2.873236
2.865716 2.859001 2.857441 2.86155 2.866016
2.872063 2.880849 2.88557 2.884915 2.880964
2.872619 2.862035 2.849441 2.834996 2.821575
2.806587 2.786265 2.76363 2.741815 2.719332
2.696546 2.672982 2.65033 2.631454 2.613319
2.59655 2.584747 2.577033 2.57027 2.564067
2.559479 2.554115 2.54432 2.530658 2.516026
2.502355 2.489977 2.479214 2.473333 2.471251
2.46821 2.46378 2.460259 2.457273 2.452907
2.448201 2.442254 2.434504 2.427175 2.422203
2.419077 2.41551 2.410681 2.403496 2.395391
2.386571 2.376 2.367315 2.361705 2.35735
2.353184 2.349221 2.346736 2.344825 2.340906
2.333969 2.324361 2.314348 2.3059 2.297356
2.28854 2.281953 2.2773 2.272 2.264383
2.257132 2.253956 2.250167 2.241929 2.233602
2.229148 2.228544 2.230943 2.237034 2.245269
2.252484 2.25736 2.260754 2.262024 2.259253
2.256037 2.255013 2.252479 2.246217 2.240113
2.238191 2.239196 2.239134 2.235386 2.229047
2.221245 2.213159 2.206912 2.202246 2.197677
2.194509 2.192319 2.188876 2.185348 2.182907
2.181362 2.179518 2.176253 2.172268 2.16962
2.169093 2.17278 2.181934 2.1896 2.193387
2.197133 2.200193 2.201097 2.200433 2.200582
2.201526 2.200685 2.197226 2.194885 2.194416
2.18723 2.171596 2.15277 2.127314 2.098504
2.076091 2.059953 2.056167 2.068983 2.091174
2.116853 2.144915 2.173104 2.186618 2.184925
2.184029 2.18107 2.171249 2.164682 2.155015
2.146465 2.149195 2.151298 2.148245 2.144108
2.135007 2.118231 2.100826 2.09046 2.071398
2.043548 2.021147 1.997908 1.974976 1.95566
1.930862 1.901967 1.883688 1.866424 1.842642
1.824958 1.810366 1.800755 1.799402 1.794741
1.785998 1.778204 1.782153 1.808277 1.824891
1.824826 1.838391 1.872673 1.907034 1.931452
1.965911 2.017668 2.062994 2.091656 2.112726
2.132562 2.153489 2.170006 2.18922 2.216996
2.253255 2.281708 2.297142 2.325142 2.365245
2.396525 2.416603 2.432639 2.470011 2.535934
2.574005 2.595173 2.622503 2.656003 2.699027
2.734721 2.779851 2.825632 2.843503 2.863962
2.881532 2.887131 2.903823 2.922848 2.915373
2.915816 2.937533 2.938221 2.922357 2.894442
2.861807 2.8348 2.798507 2.758625 2.713225
2.67876 2.657723 2.594775 2.536059 2.489102
2.436511 2.392412 2.343385 2.28772 2.25188
2.219374 2.169057 2.124201 2.08726 2.051985
2.019152 1.987604 1.956403 1.927211 1.902745
1.88195 1.864669 1.851493 1.841065 1.832559
1.827594 1.825599 1.825462 1.826821 1.828363
1.843881 1.873157 1.886778 1.901935 1.93718
1.973142 2.008303 2.051339 2.086454 2.117585
2.170674 2.233112 2.26153 2.280555 2.302068
2.322793 2.360237 2.390086 2.391995 2.429458
2.504698 2.528028 2.544567 2.585319 2.651762
2.735622 2.802845 2.875714 2.981856 3.077282
3.15199 3.253897 3.351306 3.425691 3.508371
3.621257 3.779302 3.889343 3.971519 4.064691
4.132046 4.20952 4.300369 4.366528 4.462231
4.534674 4.573483 4.639916 4.693848 4.736956
4.783604 4.83397 4.899361 4.983027 5.032804
5.047395 5.07743 5.10743 5.130774 5.161012
5.189851 5.253217 5.332435 5.352998 5.389431
5.449844 5.49792 5.545436 5.592456 5.650502
5.728196 5.790819 5.824164 5.872861 5.919237
5.953969 6.004495 6.031062 6.046692 6.078901
6.110711 6.164189 6.217744 6.237707 6.256548
6.287839 6.319841 6.343977 6.370785 6.386427
6.394925 6.43022 6.476511 6.496151 6.510433
6.539466 6.578648 6.612959 6.634485 6.651
6.669238 6.69585 6.720287 6.735422 6.754624
6.777724 6.797048 6.812085 6.837359 6.86038
6.867667 6.891016 6.906887 6.902744 6.907187
6.914947 6.912785 6.906635 6.92571 6.948673
6.942611 6.933337 6.924363 6.914997 6.908105
6.900862 6.896964 6.895093 6.890713 6.881938
6.878189 6.89115 6.895697 6.8785 6.863959
6.856118 6.850954 6.845758 6.839464 6.836014
6.831155 6.828669 6.835921 6.835016 6.830171
6.832353 6.829697 6.827162 6.830213 6.835671
6.842688 6.853599 6.872153 6.890845 6.903634
6.914281 6.937488 6.969786 6.990392 7.017176
7.049188 7.071748 7.096792 7.123516 7.148586
7.172986 7.197364 7.21837 7.235969 7.26448
7.295892 7.317276 7.341018 7.368043 7.392709
7.414867 7.436092 7.455374 7.470271 7.482621
7.491458 7.499311 7.512328 7.523952 7.531999
7.541671 7.549042 7.553463 7.558333 7.562936
7.565109 7.564322 7.564067 7.565514 7.568639
7.575958 7.58043 7.58089 7.582481 7.584012
7.584524 7.583042 7.580477 7.579092 7.579097
7.578714 7.578173 7.580722 7.586622 7.5883
7.584657 7.580919 7.577421 7.573982 7.56985
7.566097 7.564472 7.562392 7.559808 7.560344
7.562841 7.563142 7.559995 7.556628 7.553921
7.548493 7.541552 7.53624 7.533012 7.532169
7.532605 7.532194 7.532854 7.534292 7.532683
7.530125 7.529127 7.528121 7.527037 7.527112
7.527055 7.526874 7.527683 7.52929 7.530169
7.52926 7.526908 7.52318 7.519176 7.514582
7.510934 7.510746 7.511262 7.509845 7.508424
7.50738 7.504871 7.501628 7.497662 7.491785
7.486614 7.483925 7.480858 7.476264 7.473117
7.473053 7.472985 7.471701 7.468554 7.463016
7.457734 7.452265 7.445709 7.439458 7.435332
7.433998 7.433016 7.430659 7.427938 7.425052
7.419719 7.412614 7.406736 7.402688 7.400351
7.398119 7.396248 7.394777 7.391836 7.387515
7.382803 7.378212 7.373668 7.370621 7.367385
7.362452 7.357769 7.354206 7.350786 7.346655
7.344532 7.343225 7.338218 7.330821 7.322497
7.313681 7.306691 7.302579 7.30032 7.297252
7.291326 7.284476 7.279796 7.275365 7.26833
7.260312 7.252834 7.245176 7.237938 7.232089
7.227029 7.221579 7.215923 7.208894 7.200142
7.193032 7.187829 7.183153 7.177906 7.170043
7.160429 7.151401 7.142907 7.13527 7.128509
7.121764 7.114577 7.107246 7.099859 7.091978
7.084172 7.075921 7.067682 7.061345 7.056355
7.04989 7.04081 7.029794 7.017417 7.004337
6.991794 6.981197 6.973068 6.966848 6.959909
6.951924 6.942457 6.930075 6.91727 6.905013
6.897024 6.89193 6.881668 6.869926 6.858872
6.849541 6.849585 6.85101 6.844491 6.83948
6.841067 6.839579 6.82822 6.817315 6.810172
6.802526 6.802727 6.814699 6.829362 6.799611
6.738294 6.718823 6.732134 6.739196 6.747084
6.752333 6.747188 6.738148 6.735292 6.740162
6.737114 6.724441 6.708997 6.693813 6.676022
6.652656 6.630207 6.610683 6.592272 6.576799
6.564217 6.55203 6.538509 6.52336 6.508899
6.497032 6.486621 6.476918 6.467951 6.460082
6.451954 6.44368 6.435848 6.42751 6.420282
6.414322 6.408006 6.401504 6.394199 6.383576
6.371902 6.362747 6.354097 6.344229 6.335704
6.330326 6.325016 6.316991 6.306372 6.294653
6.28339 6.272916 6.263706 6.255882 6.24887
6.241234 6.231464 6.219639 6.206885 6.19446
6.182982 6.170951 6.158215 6.148108 6.141966
6.137728 6.131514 6.122216 6.112434 6.102369
6.092022 6.083779 6.077891 6.070597 6.059689
6.048578 6.037497 6.024009 6.012229 6.003793
5.994498 5.983268 5.97337 5.966115 5.958213
5.948039 5.937101 5.928042 5.921034 5.914334
5.907509 5.900221 5.893614 5.887433 5.880325
5.873165 5.865172 5.856235 5.848212 5.841098
5.834156 5.82768 5.821106 5.812543 5.803752
5.796421 5.789225 5.782054 5.774334 5.766631
5.761512 5.756831 5.748977 5.738908 5.727669
5.717037 5.708586 5.701047 5.6955 5.691569
5.685552 5.677854 5.67015 5.661958 5.653629
5.646541 5.640904 5.635684 5.629596 5.623839
5.618505 5.611842 5.605796 5.600213 5.593902
5.587685 5.581843 5.577685 5.576071 5.574518
5.571889 5.56818 5.563405 5.560478 5.557852
5.553335 5.549667 5.547463 5.544553 5.540778
5.537153 5.533132 5.529098 5.524046 5.517211
5.511019 5.505764 5.501245 5.495772 5.488548
5.483692 5.480573 5.475919 5.470346 5.464841
5.460979 5.459538 5.458589 5.457344 5.454965
5.449659 5.443994 5.439645 5.434911 5.430027
5.425699 5.422512 5.421115 5.419684 5.415039
5.408613 5.401335 5.3921 5.382354 5.374231
5.368686 5.361619 5.349773 5.333752 5.314384
5.293068 5.271831 5.250462 5.226862 5.202048
5.179276 5.161314 5.147867 5.140055 5.138346
5.143162 5.156262 5.172298 5.186717 5.198915
5.209725 5.219992 5.227728 5.229562 5.224247
5.216252 5.209174 5.201603 5.1932 5.185299
5.176321 5.167335 5.157037 5.140972 5.123432
5.107418 5.090032 5.068943 5.046463 5.026821
5.007449 4.985585 4.9646 4.944753 4.92263
4.898214 4.874496 4.852152 4.827035 4.797327
4.764453 4.727825 4.689836 4.651572 4.608603
4.560953 4.509173 4.452974 4.390902 4.319607
4.242273 4.159765 4.069995 3.97564 3.877017
3.774309 3.671672 3.570589 3.46876 3.365395
3.263642 3.167299 3.078606 2.998221 2.923809
2.855301 2.797875 2.753334 2.720858 2.699523
2.684949 2.672151 2.660341 2.655904 2.658748
2.665541 2.681713 2.705591 2.728955 2.747725
2.759871 2.763221 2.756523 2.740359 2.71558
2.685088 2.653355 2.620143 2.58464 2.549181
2.514574 2.479417 2.441264 2.399396 2.356328
2.314731 2.272818 2.228057 2.181704 2.137989
2.099377 2.066634 2.044192 2.033062 2.030822
2.037631 2.053674 2.076054 2.100602 2.128555
2.158559 2.185344 2.208321 2.225551 2.235332
2.238323 2.236422 2.235379 2.238645 2.247518
2.263289 2.287617 2.321955 2.366446 2.423553
2.493358 2.574406 2.664621 2.760545 2.859136
2.9581 3.055859 3.148961 3.236298 3.316524
3.390189 3.457553 3.511334 3.549899 3.57761
3.598735 3.612366 3.612127 3.601376 3.587097
3.570758 3.552792 3.532732 3.511662 3.492296
3.475751 3.461046 3.446646 3.433878 3.428022
3.428194 3.428455 3.429787 3.43126 3.430607
3.430699 3.431442 3.429088 3.422353 3.417037
3.41619 3.416906 3.420783 3.428494 3.438065
3.451161 3.469933 3.49326 3.518436 3.545444
3.576892 3.613027 3.650827 3.687343 3.720523
3.753086 3.790012 3.829742 3.868347 3.906684
3.946756 3.985903 4.021754 4.056145 4.088973
4.11772 4.143336 4.168121 4.191272 4.212442
4.232082 4.249769 4.267305 4.285696 4.304101
4.31914 4.330982 4.344863 4.356349 4.362331
4.369545 4.379613 4.388194 4.394031 4.399893
4.40478 4.405583 4.405761 4.407933 4.410771
4.413058 4.413806 4.4156 4.417421 4.415819
4.413504 4.413011 4.413471 4.410807 4.405729
4.40254 4.400216 4.400105 4.400337 4.397129
4.393039 4.389016 4.385806 4.383204 4.379549
4.380754 4.386911 4.388077 4.38526 4.382386
4.378795 4.373006 4.366985 4.367631 4.371706
4.37371 4.37405 4.374364 4.376606 4.376412
4.37311 4.371673 4.370577 4.370181 4.370824
4.371286 4.374683 4.37701 4.375853 4.376477
4.377464 4.376204 4.37528 4.375094 4.372553
4.369017 4.369462 4.372421 4.374858 4.379497
4.38347 4.379925 4.371636 4.367068 4.367841
4.368221 4.365425 4.360987 4.35804 4.356922
4.356184 4.355743 4.35413 4.350965 4.346093
4.339522 4.333643 4.330957 4.331199 4.330844
4.32794 4.323994 4.320464 4.317736 4.316994
4.317299 4.315993 4.313696 4.312735 4.314451
4.31674 4.3165 4.313235 4.307939 4.303456
4.300153 4.295894 4.294537 4.297348 4.2987
4.297208 4.293832 4.289993 4.287635 4.285363
4.281156 4.277661 4.278549 4.279733 4.279946
4.27963 4.274596 4.269744 4.27032 4.27231
4.271095 4.26795 4.264927 4.262532 4.263707
4.26485 4.263283 4.264577 4.264891 4.258484
4.250717 4.244278 4.237744 4.234459 4.233834
4.23241 4.232701 4.232263 4.226611 4.219928
4.215687 4.210073 4.202875 4.199279 4.197197
4.191949 4.184136 4.175764 4.167446 4.160174
4.155203 4.153703 4.155932 4.158917 4.164119
4.172432 4.180939 4.189255 4.196171 4.20409
4.214766 4.226564 4.23738 4.245307 4.255517
4.269664 4.284906 4.30053 4.315359 4.330327
4.344624 4.359451 4.373378 4.381343 4.388382
4.398893 4.412179 4.427774 4.441889 4.454135
4.465741 4.475906 4.486822 4.501742 4.523485
4.549799 4.579032 4.611421 4.640041 4.66803
4.703049 4.737879 4.765534 4.790125 4.812496
4.826029 4.834458 4.846678 4.855874 4.849078
4.837983 4.83576 4.831792 4.823225 4.813656
4.803598 4.793956 4.77981 4.76688 4.757758
4.745918 4.737309 4.729837 4.718413 4.71117
4.71141 4.711589 4.707993 4.705573 4.713152
4.734528 4.75162 4.756354 4.773039 4.798722
4.814778 4.832776 4.859993 4.888303 4.914236
4.951366 5.009766 5.05536 5.069008 5.086908
5.118496 5.15086 5.179841 5.202613 5.216939
5.231695 5.264266 5.299411 5.299655 5.292309
5.310921 5.326897 5.326475 5.330732 5.335287
5.326069 5.31665 5.321518 5.323426 5.31139
5.30143 5.281788 5.261382 5.261275 5.246357
5.225969 5.25854 5.352591 5.482354 5.57237
5.600313 5.638257 5.677719 5.703711 5.721517
5.72442 5.715326 5.714714 5.74056 5.769149
5.74581 5.704587 5.730676 5.781468 5.803674
5.82989 5.858026 5.870546 5.8941 5.953334
5.998898 6.013248 6.082823 6.145702 6.127124
6.10136 6.072832 6.031819 6.012534 6.030367
6.047584 6.039608 6.043504 6.089856 6.175498
6.287462 6.409343 6.500914 6.560229 6.624985
6.706373 6.789723 6.829513 6.828837 6.846097
6.879207 6.908837 6.93356 6.954024 6.96366
6.947366 6.946317 6.977962 7.015978 7.033511
6.994545 6.947469 6.962063 7.019457 7.006334
6.968479 7.015503 7.047071 7.004949 6.972978
6.991474 7.00974 6.987298 6.96713 6.977472
6.986098 6.99785 7.000162 6.97314 6.957457
6.961081 6.976425 6.976643 6.957337 6.956204
6.955794 6.946768 6.941904 6.931511 6.926549
6.92916 6.918259 6.934405 6.958814 6.924376
6.923057 6.942653 6.902813 6.865668 6.874532
6.906741 6.900097 6.895916 6.936057 6.913956
6.874487 6.87639 6.867346 6.86257 6.861308
6.858302 6.881774 6.898749 6.88112 6.864353
6.853977 6.826758 6.800483 6.808832 6.86924
6.922227 6.868784 6.801016 6.793974 6.81096
6.827607 6.8148 6.79863 6.821292 6.820476
6.800586 6.793225 6.774585 6.785911 6.795766
6.776469 6.789552 6.790693 6.768814 6.789428
6.797818 6.762943 6.74722 6.76109 6.77654
6.785483 6.794282 6.783639 6.759402 6.74674
6.737753 6.734267 6.749805 6.764681 6.757302
6.745729 6.751009 6.754633 6.739567 6.731857
6.738642 6.73674 6.725126 6.722105 6.726409
6.736406 6.744709 6.735238 6.729532 6.733316
6.727958 6.722084 6.722867 6.725048 6.727523
6.731369 6.732265 6.722686 6.715476 6.717894
6.71682 6.716997 6.722188 6.720854 6.713789
6.7128 6.717771 6.719128 6.717384 6.715363
6.713275 6.711082 6.710243 6.711036 6.706839
6.702981 6.707885 6.711726 6.705192 6.697645
6.696905 6.697108 6.699303 6.703873 6.704001
6.702489 6.701391 6.697761 6.693002 6.691464
6.692818 6.688616 6.682909 6.683514 6.680372
6.671316 6.666603 6.666208 6.665777 6.663939
6.658853 6.652023 6.645852 6.63944 6.63139
6.624739 6.622998 6.622104 6.619038 6.613279
6.606294 6.600963 6.599828 6.602877 6.604501
6.609463 6.622034 6.631993 6.635327 6.638084
6.639548 6.638069 6.638652 6.640308 6.639882
6.643864 6.653714 6.658365 6.657849 6.658704
6.658679 6.65433 6.649781 6.650691 6.65311
6.649917 6.64301 6.639324 6.638763 6.642498
6.649124 6.648803 6.64013 6.632897 6.631096
6.627548 6.621368 6.617427 6.615835 6.61552
6.613411 6.608096 6.600665 6.591262 6.580193
6.569678 6.565049 6.565171 6.566598 6.56956
6.569263 6.563955 6.560569 6.559327 6.555515
6.553834 6.557749 6.558556 6.552203 6.548616
6.550876 6.551973 6.547122 6.542521 6.543619
6.542664 6.534526 6.52716 6.528933 6.531021
6.528431 6.524779 6.516116 6.507345 6.505075
6.499397 6.487422 6.47696 6.470707 6.466806
6.461641 6.455645 6.447995 6.437329 6.425911
6.413244 6.402325 6.395035 6.387184 6.379151
6.373962 6.370558 6.366289 6.360971 6.355841
6.353551 6.351726 6.346912 6.339506 6.331372
6.328383 6.329556 6.330462 6.331906 6.333276
6.331155 6.321897 6.310331 6.300927 6.292838
6.289546 6.290644 6.290492 6.28851 6.283331
6.278445 6.280579 6.278673 6.267387 6.257621
6.253919 6.253203 6.250392 6.244317 6.2403
6.241719 6.241738 6.232662 6.220237 6.211929
6.20287 6.192482 6.184947 6.183071 6.190531
6.198809 6.20427 6.206479 6.204826 6.207217
6.212415 6.214788 6.213409 6.219265 6.230745
6.237114 6.248685 6.261811 6.263629 6.263666
6.269993 6.276975 6.27866 6.276102 6.279473
6.289038 6.294035 6.294191 6.290741 6.285951
6.282557 6.278517 6.278474 6.282736 6.286192
6.290977 6.297735 6.301502 6.301592 6.30385
6.311582 6.319435 6.321659 6.324365 6.334725
6.349226 6.361751 6.367078 6.366668 6.370507
6.379268 6.383881 6.386344 6.39438 6.404673
6.414113 6.424065 6.429755 6.434316 6.440892
6.446258 6.453985 6.462394 6.464096 6.461292
6.46269 6.462746 6.465657 6.479997 6.489318
6.490649 6.488754 6.482712 6.478857 6.474693
6.469107 6.472249 6.478941 6.479041 6.479428
6.483431 6.488995 6.489319 6.478101 6.467154
6.465669 6.467218 6.46929 6.472336 6.473896
6.476558 6.478266 6.478902 6.480441 6.470769
6.456276 6.453544 6.454492 6.453638 6.457014
6.463856 6.469953 6.474114 6.469805 6.455836
6.445525 6.440821 6.436325 6.434755 6.435558
6.434789 6.431412 6.432315 6.438141 6.435614
6.430009 6.430129 6.421727 6.410059 6.404849
6.40411 6.412468 6.418993 6.41973 6.418472
6.412191 6.40918 6.40962 6.401223 6.389966
6.389993 6.392558 6.38957 6.385888 6.381631
6.381969 6.38433 6.376058 6.366595 6.361682
6.352689 6.346062 6.345335 6.34689 6.348853
6.352936 6.355652 6.353341 6.351138 6.339402
6.315933 6.298938 6.295276 6.298798 6.309297
6.31942 6.31681 6.310921 6.31043 6.308733
6.30459 6.298696 6.296721 6.30275 6.304365
6.299772 6.297579 6.296882 6.300251 6.304416
6.296414 6.283624 6.283552 6.288432 6.285721
6.289074 6.302978 6.312709 6.306305 6.293439
6.291746 6.288229 6.282015 6.2851 6.289078
6.293749 6.297285 6.294426 6.297861 6.309924
6.313769 6.304136 6.292858 6.286966 6.286051
6.28898 6.291276 6.295512 6.300595 6.304351
6.30925 6.309209 6.308527 6.309766 6.306609
6.302564 6.302072 6.301987 6.299906 6.29694
6.291522 6.285671 6.289418 6.299981 6.301075
6.295505 6.292907 6.284363 6.270228 6.269628
6.28486 6.295805 6.291621 6.287123 6.288732
6.282959 6.268388 6.255007 6.253574 6.261631
6.265162 6.262378 6.254429 6.246319 6.239123
6.229615 6.224057 6.219053 6.214056 6.20912
6.205342 6.212075 6.22229 6.226866 6.226676
6.221568 6.214571 6.214216 6.211749 6.196051
6.187475 6.20134 6.217364 6.211942 6.203064
6.208364 6.208858 6.197412 6.185887 6.183721
6.190899 6.196683 6.197631 6.206326 6.209745
6.194886 6.183942 6.178385 6.170991 6.163811
6.158037 6.160838 6.171987 6.180687 6.179978
6.18446 6.188667 6.173259 6.154477 6.146002
6.142781 6.148002 6.15791 6.158217 6.156296
6.157078 6.149951 6.143337 6.148166 6.150873
6.146028 6.144051 6.136786 6.124869 6.124153
6.127436 6.125188 6.119689 6.10998 6.099296
6.093915 6.087647 6.080806 6.082633 6.096212
6.109091 6.105541 6.100721 6.092721 6.078472
6.086715 6.105219 6.104042 6.085734 6.066897
6.048395 6.031983 6.039324 6.056959 6.05785
6.055279 6.055178 6.049637 6.055904 6.067474
6.056942 6.046342 6.047783 6.042343 6.037755
6.03151 6.021269 6.018415 6.012344 6.019738
6.054646 6.066851 6.041911 6.037272 6.055507
6.046787 6.025471 6.017745 6.004479 5.989751
5.990662 5.993808 5.994859 6.001058 5.995025
5.97897 5.979334 5.984069 5.975554 5.957253
5.934523 5.919087 5.915454 5.922399 5.928486
5.930566 5.939693 5.953049 5.961397 5.953377
5.938968 5.944311 5.959131 5.95992 5.939301
5.91793 5.932619 5.966525 5.975138 5.952662
5.926346 5.92485 5.944107 5.948732 5.925773
5.917975 5.942793 5.95213 5.940683 5.937827
5.938142 5.940948 5.93355 5.909573 5.880907
5.853785 5.85057 5.872597 5.879821 5.853651
5.834657 5.848177 5.857691 5.840093 5.835584
5.850727 5.838598 5.818287 5.828084 5.848347
5.863702 5.864802 5.848715 5.847138 5.872839
5.889597 5.872617 5.83117 5.79653 5.784233
5.787177 5.800601 5.811462 5.805347 5.793802
5.805197 5.818511 5.814682 5.796557 5.800958
5.826041 5.797161 5.75969 5.754095 5.742415
5.745756 5.769202 5.776777 5.766064 5.746437
5.729532 5.749624 5.75323 5.723135 5.734229
5.759554 5.756344 5.739657 5.733121 5.757602
5.805593 5.802537 5.725759 5.677858 5.707862
5.749529 5.748091 5.713983 5.67045 5.628018
5.620537 5.664828 5.669982 5.640626 5.641746
5.651965 5.681669 5.686551 5.665271 5.650472
5.641808 5.658336 5.669641 5.669584 5.671639
5.683698 5.669203 5.635993 5.65324 5.689828
5.686062 5.646532 5.640698 5.674754 5.649215
5.602484 5.599037 5.612057 5.6011 5.512863
5.467517 5.551927 5.625235 5.630106 5.667667
5.717695 5.693736 5.634167 5.586542 5.586653
5.606611 5.572976 5.550578 5.589562 5.669034
5.721669 5.703121 5.653636 5.583009 5.558296
5.584222 5.572119 5.54817 5.559583 5.571939
5.572253 5.594478 5.616533 5.594305 5.558517
5.537563 5.513254 5.520015 5.549371 5.589551
5.651148 5.63647 5.543151 5.501963 5.505261
5.489116 5.502693 5.540763 5.589475 5.67086
5.725177 5.716232 5.6918 5.68573 5.663219
5.62596 5.596546 5.534825 5.479127 5.529575
5.617915 5.622495 5.60967 5.632713 5.653466
5.628519 5.532898 5.524031 5.668035 5.723212
5.603104 5.558586 5.635799 5.68964 5.67864
5.643538 5.618859 5.580479 5.545453 5.537118
5.589093 5.631834 5.647845 5.698794 5.737405
5.755062 5.747114 5.707468 5.685142 5.705146
5.68845 5.602268 5.558295 5.593059 5.617106
5.610471 5.628591 5.635461 5.703378 5.839059
5.774498 5.656581 5.666351 5.612515 5.559299
5.625305 5.758336 5.85409 5.862637 5.900683
6.012114 6.02513 5.911659 5.829684 5.758216
5.620423 5.615309 5.845128 6.031079 6.075919
6.106549 5.997692 5.845952 5.797409 5.757376
5.755602 5.82379 5.938057 6.030086 5.983822
5.867262 5.871092 5.838051 5.77071 5.823521
5.902698 6.011846 6.02907 5.87836 5.82409
5.903209 5.890777 5.808715 5.851385 5.941404
5.914409 5.873991 5.905536 5.936832 5.895662
5.880549 5.975952 6.114694 6.235465 6.200847
6.027617 5.84258 5.70111 5.683501 5.718836
5.741715 5.768211 5.820114 5.852428 5.817608
5.790673 5.841366 5.929358 5.936435 5.887404
5.836316 5.843127 5.937817 5.987952 5.960323
5.923871 5.879174 5.82438 5.765861 5.674497
5.599672 5.677258 5.815138 5.813782 5.780432
5.80958 5.811585 5.774478 5.723178 5.686417
5.687766 5.694451 5.690276 5.706575 5.743517
5.725363 5.668026 5.663482 5.707636 5.751338
5.752104 5.716667 5.639882 5.572707 5.610042
5.637841 5.647415 5.706372 5.697461 5.691446
5.715616 5.689982 5.684941 5.687664 5.656754
5.624239 5.613627 5.62783 5.700845 5.798583
5.766209 5.652119 5.603876 5.600144 5.56179
5.528523 5.596183 5.674302 5.656876 5.5979
5.583052 5.596407 5.594977 5.57017 5.532999
5.563819 5.614035 5.583825 5.492225 5.417154
5.429152 5.467229 5.489186 5.467321 5.410129
5.420701 5.480146 5.523876 5.496796 5.437675
5.464592 5.513558 5.46284 5.381187 5.392989
5.437175 5.422709 5.38698 5.393064 5.439004
5.448819 5.429585 5.475568 5.524863 5.50119
5.472139 5.449627 5.447877 5.502187 5.554646
5.547415 5.504052 5.476078 5.471656 5.457307
5.417557 5.376825 5.321959 5.289792 5.304367
5.308187 5.315072 5.366752 5.410536 5.385314
5.353284 5.345453 5.329124 5.301764 5.282589
5.249401 5.207921 5.228331 5.259001 5.263669
5.273947 5.261524 5.253511 5.273587 5.257569
5.231375 5.253269 5.277466 5.275826 5.283053
5.31487 5.355878 5.322066 5.212382 5.17851
5.218236 5.259184 5.286842 5.258813 5.193861
5.153174 5.155071 5.18098 5.209581 5.21147
5.186597 5.183607 5.18196 5.137102 5.10505
5.136525 5.178674 5.173691 5.15011 5.136813
5.133245 5.15567 5.182976 5.208212 5.217668
5.194843 5.184604 5.19078 5.183497 5.169868
5.188071 5.194286 5.156641 5.129874 5.103041
5.080961 5.101618 5.123936 5.123983 5.136332
5.148506 5.156272 5.143766 5.105975 5.091163
5.085553 5.069584 5.060741 5.065872 5.069983
5.075435 5.089359 5.102051 5.108701 5.126114
5.151707 5.142911 5.128092 5.134148 5.123482
5.111106 5.135518 5.170129 5.16738 5.14987
5.146917 5.143561 5.130344 5.133447 5.165128
5.160996 5.103433 5.079313 5.126302 5.178005
5.149745 5.068561 5.028355 5.044962 5.084597
5.124784 5.14531 5.139772 5.145274 5.157137
5.153889 5.150096 5.10126 5.025303 5.009927
5.002596 4.955345 4.954913 5.013745 5.044099
5.055419 5.084494 5.073159 5.046923 5.054899
5.043646 5.041719 5.072671 5.073593 5.053526
5.045951 5.042981 5.039171 5.029879 4.995234
4.956282 4.949785 4.981061 5.0248 5.055414
5.053283 5.016834 5.000094 5.014349 5.029367
5.028558 5.010876 5.007974 5.012427 5.011134
5.017978 4.988539 4.945312 4.942449 4.949084
4.934229 4.921833 4.932643 4.936068 4.950068
4.968019 4.952701 4.937798 4.934094 4.908417
4.885888 4.90708 4.936357 4.933649 4.920502
4.928049 4.937737 4.936501 4.925311 4.907039
4.883015 4.865219 4.877291 4.883638 4.877846
4.875336 4.879759 4.915889 4.91858 4.874865
4.881913 4.921711 4.938685 4.954399 4.968519
4.964452 4.934313 4.89171 4.905335 4.957441
4.963316 4.939801 4.91762 4.910008 4.922296
4.93814 4.949878 4.94155 4.911574 4.885686
4.88533 4.873552 4.855241 4.860663 4.864283
4.873833 4.88108 4.883818 4.89581 4.899851
4.923034 4.953592 4.957434 4.937964 4.876339
4.816588 4.80408 4.810852 4.820773 4.835885
4.848605 4.821577 4.785675 4.811736 4.832905
4.800115 4.794702 4.828892 4.852944 4.866837
4.878327 4.860933 4.820687 4.797354 4.786758
4.795292 4.813479 4.808948 4.812239 4.842206
4.864709 4.835854 4.781488 4.782392 4.80323
4.77853 4.754712 4.745912 4.713553 4.693704
4.7297 4.797362 4.839233 4.840423 4.836706
4.819836 4.783343 4.774993 4.801436 4.828849
4.826005 4.790516 4.735956 4.688356 4.684206
4.698409 4.716044 4.740724 4.744763 4.749188
4.771842 4.786291 4.790886 4.784875 4.756537
4.750577 4.775451 4.774024 4.764322 4.75633
4.751568 4.755146 4.721057 4.673466 4.649489
4.636673 4.646272 4.692615 4.746044 4.758891
4.750534 4.735512 4.692655 4.663263 4.676569
4.712178 4.740752 4.741776 4.708273 4.644964
4.603082 4.622541 4.656254 4.664879 4.678341
4.67091 4.655948 4.686044 4.681565 4.628982
4.621987 4.643685 4.638787 4.628331 4.636832
4.636768 4.612612 4.59471 4.585832 4.571293
4.579048 4.612725 4.625543 4.632144 4.624
4.575257 4.527038 4.50583 4.536462 4.598565
4.619109 4.583864 4.562756 4.589622 4.581387
4.543854 4.550008 4.578219 4.606693 4.601904
4.572009 4.567152 4.577506 4.589122 4.582398
4.573797 4.603261 4.606872 4.572173 4.559766
4.552199 4.578211 4.613208 4.585 4.539467
4.521304 4.531246 4.568558 4.582099 4.526885
4.464291 4.457785 4.484401 4.466056 4.428593
4.442668 4.471187 4.516091 4.567313 4.571599
4.530185 4.474761 4.435032 4.451906 4.485364
4.492712 4.510269 4.500025 4.460254 4.430553
4.428376 4.438216 4.442884 4.472405 4.491962
4.475404 4.460597 4.475416 4.489383 4.480217
4.472594 4.476381 4.494731 4.515072 4.49535
4.432761 4.423017 4.451463 4.454964 4.456914
4.446525 4.436696 4.44583 4.468863 4.491075
4.481447 4.434351 4.357693 4.322626 4.348478
4.349153 4.336633 4.349291 4.374277 4.384201
4.359969 4.372035 4.427385 4.43876 4.406009
4.396659 4.414134 4.439428 4.463727 4.426331
4.382306 4.373921 4.344638 4.299153 4.257559
4.269024 4.31416 4.337737 4.35105 4.340797
4.320222 4.343512 4.352843 4.285732 4.209613
4.170522 4.175773 4.215088 4.251292 4.27927
4.286998 4.271872 4.264549 4.275576 4.287202
4.272362 4.241139 4.229621 4.228061 4.224041
4.210021 4.181719 4.215787 4.298388 4.286789
4.223737 4.233512 4.285264 4.306254 4.29303
4.266009 4.212398 4.154392 4.114763 4.139588
4.235957 4.274445 4.23194 4.18493 4.152139
4.181534 4.235658 4.218115 4.1682 4.119361
4.108765 4.144535 4.176006 4.185296 4.162833
4.123576 4.097396 4.113647 4.158536 4.193597
4.197286 4.161468 4.12452 4.114427 4.109237
4.117511 4.119721 4.054632 4.027309 4.106751
4.17419 4.199312 4.20331 4.199728 4.188224
4.154733 4.151297 4.173714 4.191337 4.173867
4.069675 4.021383 4.089612 4.156024 4.188176
4.177134 4.127603 4.100084 4.142011 4.162376
4.150101 4.127217 4.051811 3.999893 3.985508
3.979557 4.017494 4.085003 4.141956 4.166021
4.127057 4.075381 4.08408 4.101555 4.110313
4.152912 4.178611 4.149012 4.09094 4.051372
4.046495 4.03327 4.026249 4.069402 4.112911
4.106775 4.106171 4.130482 4.122917 4.096944
4.096296 4.095248 4.069234 4.061783 4.074731
4.090209 4.103679 4.094258 4.068004 4.017477
3.927162 3.875376 3.967001 4.079048 4.080588
4.069481 4.061128 4.035446 4.053491 4.052228
4.025833 4.010468 3.92106 3.805526 3.816494
3.911586 3.952527 3.929341 3.88413 3.890585
3.99219 4.072399 4.055431 4.002819 3.980511
3.989894 3.959732 3.932329 4.001719 4.048886
3.966036 3.864767 3.851662 3.933264 4.031513
4.043637 4.005256 4.016869 4.076691 4.108146
4.033699 3.877856 3.815755 3.90999 3.990574
3.951032 3.877914 3.885885 3.96651 4.039099
4.020934 3.937254 3.927977 3.990797 3.971747
3.883564 3.830814 3.879886 4.029706 4.086795
4.031217 4.019021 4.03146 4.010796 3.938502
3.877912 3.900984 3.920105 3.896798 3.932262
4.001013 4.025311 4.030661 3.983829 3.868339
3.815819 3.811826 3.767887 3.724592 3.75567
3.890823 4.030619 4.072172 4.010455 3.953664
4.006753 4.054906 4.02277 4.02376 4.017929
3.987697 3.970722 3.907156 3.866389 3.893127
3.928621 3.922317 3.882538 3.867616 3.880088
3.900582 3.866348 3.893679 3.993573 3.938643
3.877529 3.884382 3.874758 3.951274 3.969936
3.881857 3.829628 3.851823 3.932813 3.928785
3.837121 3.802052 3.809096 3.814621 3.885324
3.926478 3.902075 3.982859 3.995498 3.848852
3.80228 3.841835 3.900445 3.928405 3.915263
4.003719 4.075617 3.975118 3.854799 3.790486
3.786267 3.869478 3.941667 3.974801 3.947857
3.830675 3.829755 3.940505 3.941907 3.855171
3.77448 3.778563 3.826392 3.84538 3.87449
3.941593 3.978928 3.909854 3.848374 3.865942
3.823189 3.734296 3.744424 3.842503 3.936371
3.979361 3.943344 3.877952 3.880201 3.914916
3.895807 3.830701 3.765348 3.703486 3.648026
3.647477 3.618891 3.520034 3.529258 3.58969
3.667869 3.794668 3.824751 3.835148 3.884752
3.909507 3.830292 3.701895 3.707541 3.775149
3.852073 3.913601 3.944785 4.020794 4.068095
4.038566 3.989922 3.894941 3.745512 3.67451
3.719928 3.790961 3.774606 3.730701 3.77254
3.838313 3.855308 3.844036 3.856696 3.830578
3.794839 3.806679 3.802406 3.768067 3.756272
3.794472 3.745537 3.680778 3.703897 3.719582
3.780559 3.843115 3.813037 3.794764 3.849608
3.867761 3.784002 3.680918 3.680141 3.704875
3.700147 3.740577 3.744524 3.749064 3.821179
3.7995 3.73358 3.702649 3.652901 3.655017
3.706206 3.776551 3.853489 3.862892 3.840959
3.926682 3.965015 3.864286 3.823791 3.819984
3.781585 3.715722 3.676744 3.825848 4.013819
4.008017 3.879456 3.736273 3.669717 3.735495
3.856093 3.889682 3.851058 3.87681 3.961171
4.046585 4.043524 3.879067 3.705606 3.712978
3.779319 3.804579 3.846657 3.77456 3.656946
3.663564 3.661478 3.630705 3.649497 3.705685
3.774363 3.809196 3.801624 3.770223 3.694211
3.599098 3.512545 3.55125 3.679934 3.698315
3.70283 3.746501 3.786721 3.84359 3.803961
3.712786 3.700739 3.783423 3.824842 3.650782
3.511967 3.556219 3.594501 3.699295 3.836992
3.84583 3.853966 3.803592 3.662226 3.650308
3.675174 3.717527 3.855375 3.904629 3.880868
3.819337 3.71979 3.777937 3.838472 3.734304
3.662842 3.711206 3.79631 3.844099 3.844857
3.784889 3.775011 3.848904
